1 abc xyz 100 100 100 300 100
2 def xyz 99 98 97 294 98
3 ghi zyx 89 88 87 264 88
4 jkl zyx 98 98 98 294 98
5 mno xyz 78 88 89 255 85
6 pqr zyx 80 80 80 240 80
8 vwx zyx 89 98 89 276 92
9 yz xyy 65 56 65 186 62
10 abcd wxyz 78 89 67 234 78
54 bca xyz 67 78 99 244 81
98 onm yzx 20 20 12 52 17
77 jkjk bhfsd 20 30 20 70 23
45 gfgh qwe 43 23 13 79 26
33 vb hgf 30 29 20 79 26
64 lkj ytr 76 56 40 172 57
190 iuy ryr 78 98 65 241 80
345 dfhg rty 88 98 88 274 91
765 fs vcb 90 54 32 176 58
56 oiu klj 21 21 21 63 21
7 stu zyx 78 78 78 234 78
